raceTime:
  openTask: 2016-08-07T19:30:00Z
  closeTask: 2016-08-08T01:00:00Z
  firstStart: 2016-08-07T19:30:35.26270076676Z
  firstLead: 2016-08-07T19:30:35.26270076676Z
  lastArrival: 2016-08-07T23:07:55.393892846486Z
  leadAllDown: 13508.737
  leadArrival: 13040.131
  leadClose: 19764.737
  openClose: 19800
  tickClose: 19764.737
raceDistance: 117.147570 km
sumDistance: 1018.144130 km
leadAreaToCoef: 0.00000004048190 km^-2 s^-1
leadCoefMin: 1.60259904
leadRank:
- - - '110'
    - Bruce Barmakian
  - area: 39588035.4955 km^2 s
    coef: 1.60259904
    frac: 1
- - - '105'
    - Cory Barnwell
  - area: 42221610.0724 km^2 s
    coef: 1.70921115
    frac: 0.80786961
- - - '104'
    - Derreck Turner
  - area: 42295492.6519 km^2 s
    coef: 1.71220206
    frac: 0.80429284
- - - '101'
    - Davis Straub
  - area: 43579347.4468 km^2 s
    coef: 1.76417494
    frac: 0.74650108
- - - '106'
    - Larry Bunner
  - area: 57396332.0689 km^2 s
    coef: 2.32351278
    frac: 0.31296229
- - - '102'
    - Tom McGowan
  - area: 59570839.2950 km^2 s
    coef: 2.41154097
    frac: 0.25811497
- - - '108'
    - David Whittle
  - area: 62589482.5561 km^2 s
    coef: 2.5337414
    frac: 0.18516608
- - - '103'
    - Kevin Carter
  - area: 63971575.3704 km^2 s
    coef: 2.58969115
    frac: 0.1528438
- - - '109'
    - Jay Devorak
  - area: 92203523.1816 km^2 s
    coef: 3.73257413
    frac: 0
